kinematics:
  shoulder:
    x: 0
    y: 0
    z: 0.1280304376790134
    roll: -0
    pitch: 0
    yaw: -7.055343150187122e-05
  upper_arm:
    x: 6.57094853503397e-05
    y: 0
    z: 0
    roll: 1.570777950701727
    pitch: 0
    yaw: 2.135782193367036e-06
  forearm:
    x: -0.612394145671649
    y: 0
    z: 0
    roll: 3.131076586383444
    pitch: 3.140576133192435
    yaw: -3.141540866738731
  wrist_1:
    x: -0.5711589616166214
    y: 0.0002322619566960433
    z: 0.1637097621664356
    roll: 3.140173912289409
    pitch: -3.140462396801476
    yaw: -3.141565518146772
  wrist_2:
    x: 6.563843816516654e-05
    y: -0.1156251372031685
    z: -2.546728573645335e-05
    roll: 1.571016584136342
    pitch: 0
    yaw: -8.300489334466625e-05
  wrist_3:
    x: 2.753938974311159e-05
    y: 0.09208729022397734
    z: 7.811506549647673e-06
    roll: 1.570881153989962
    pitch: 3.141592653589793
    yaw: 3.141548899311534
  hash: calib_14819629444051195282