image: complex_maze.pgm
resolution: 0.050000
origin: [-69.224998, -33.224998, 0.000000]
negate: 0
occupied_thresh: 0.65
free_thresh: 0.196

