image: tricky_maze.pgm
resolution: 0.050000
origin: [-63.224998, -46.224998, 0.000000]
negate: 0
occupied_thresh: 0.65
free_thresh: 0.196

